117,246,189,246,189,350,117,350
326,257,397,257,397,348,326,348
463,260,559,260,559,293,463,293
1120,279,1156,279,1156,298,1120,298
1212,292,1539,282,1541,332,1214,343
443,293,589,293,589,326,443,326
1120,301,1162,301,1162,317,1120,317
1120,317,1164,317,1164,337,1120,337
71,317,123,317,123,345,71,345
446,334,608,334,608,367,446,367
1337,350,1353,350,1353,364,1337,364
1400,350,1414,350,1414,364,1400,364
106,364,400,364,400,391,106,391
105,436,114,436,114,434,131,437,140,438,138,456,148,457,157,440,147,439,134,456,123,455,118,453,107,453,97,453
1411,451,1451,451,1481,452,1541,452,1582,451,1642,455,1683,457,1681,480,1641,479,1582,475,1541,475,1481,475,1452,474,1412,474
208,454,570,454,570,485,208,485
1479,480,1679,475,1680,499,1480,503
60,490,76,490,76,800,60,800
100,521,112,521,123,521,132,521,145,521,158,522,169,523,166,545,155,543,146,542,133,542,121,542,112,542,100,542
1096,537,1123,537,1123,559,1096,559
102,540,115,544,130,546,146,550,161,548,184,546,193,543,193,563,184,565,164,567,146,569,130,566,113,564,99,560
106,575,164,575,164,594,106,594
1096,572,1131,572,1131,600,1096,600
238,586,682,582,682,618,238,623
1225,613,1403,613,1403,644,1225,644
1090,687,1145,687,1145,709,1090,709
854,708,1570,703,1570,736,855,741
131,775,350,772,351,809,131,812
405,796,643,791,644,813,405,818
443,824,600,824,600,841,443,841
454,857,605,850,606,868,455,876
860,868,1071,868,1071,904,860,904
1227,868,1452,868,1452,901,1227,901
380,879,630,879,630,898,380,898
274,976,341,974,555,972,708,967,926,963,1020,964,1087,964,1087,1003,1020,1003,927,1003,708,1007,555,1011,342,1014,275,1016
